bodyorientation: 1.661812
movementorientation: 1.681528
anglediff: 0.019716
distancetravelled: 0.018361
