bodyorientation: 1.801591
movementorientation: 1.816721
anglediff: 0.015130
distancetravelled: 0.018384
