bodyorientation: 1.564817
movementorientation: 1.544114
anglediff: -0.020703
distancetravelled: 0.018388
